{
  "samples": [
    {
      "x": 0.6477935314178467,
      "y": 4.392223358154297,
      "heading": -1.095785424831397,
      "angularVelocity": 2.897182149863904e-22,
      "velocityX": -1.1497176140318066e-21,
      "velocityY": 1.859475125575681e-22,
      "timestamp": 0
    },
    {
      "x": 0.6586217284202576,
      "y": 4.392223358154297,
      "heading": -1.1186424790521956,
      "angularVelocity": -0.41678807586026584,
      "velocityX": 0.19744728914210133,
      "velocityY": 2.156679719345458e-15,
      "timestamp": 0.054840950460544775
    },
    {
      "x": 0.6586217284202576,
      "y": 4.392223358154297,
      "heading": -1.1186424790521956,
      "angularVelocity": -2.9123118556115726e-22,
      "velocityX": 1.1493080226564043e-21,
      "velocityY": -1.8493927004267558e-22,
      "timestamp": 0.10968190092108955
    }
  ],
  "eventMarkers": []
}