{
  "samples": [
    {
      "x": 0.6477935314178467,
      "y": 4.392223358154297,
      "heading": -1.095785424831397,
      "angularVelocity": 1.028824747901591e-23,
      "velocityX": -4.082665669939796e-23,
      "velocityY": 6.603761125312284e-24,
      "timestamp": 0
    },
    {
      "x": 0.6586217284202576,
      "y": 4.392223358154297,
      "heading": -1.1186424790521956,
      "angularVelocity": -0.41678807586026506,
      "velocityX": 0.19744728914210172,
      "velocityY": 4.307426481549513e-15,
      "timestamp": 0.05484095046054475
    },
    {
      "x": 0.6586217284202576,
      "y": 4.392223358154297,
      "heading": -1.1186424790521956,
      "angularVelocity": -1.0043214206134307e-23,
      "velocityX": 4.060622933527632e-23,
      "velocityY": -5.963216268500557e-24,
      "timestamp": 0.1096819009210895
    }
  ],
  "eventMarkers": []
}